1000 1000 1000000000 1000000000
131203071 70290539
551754689 48253512
693447560 36131453
364871790 24820202
314969170 13299232
836058373 61673590
307077834 62281172
154950333 40602357
160775789 59453124
369436761 71277167
719292447 91685654
946389040 59329083
243192919 64952476
196647857 7923797
328293665 71060811
119214528 3459147
562388743 94482358
569226346 97265073
944651752 39560495
983285353 11097370
960338437 94739203
798531919 21609744
689791273 12518913
569319507 41862528
282971679 28806922
564397452 37399863
867475900 38186992
188406409 7797158
528469603 23264054
574008715 82659265
387045695 33240867
280535534 15272814
154947637 36286960
964199170 36557136
324864308 1643054
45054865 23725913
475495962 83235662
100326425 39195589
663568529 67969489
43605881 56392223
293720182 53708214
157385277 52213263
478630156 89241148
126397900 48397945
412190400 92909467
21146166 69042486
420513797 19685286
376444267 39235373
516159521 31702609
475401699 34613146
859410914 13735417
501774293 14500217
177279349 92780977
968344250 24475330
657459007 3468249
21074454 89265567
140627757 21424608
230456485 28132003
644564573 20525821
532284771 73049012
944102012 79960936
944877758 94538188
758048632 54916400
769299488 65828386
152879921 32691245
997197403 88986918
358545319 22101234
451714505 58189847
772847600 18549135
665688991 87505971
56353352 8618127
452613059 64818718
214326403 81312305
630753606 2173736
280884972 63300943
802656991 79763725
502058684 60671708
668788357 37761838
321936442 19116541
939721305 21665036
783704430 12324394
601726761 68683658
447732360 24292899
675426212 27598766
79952573 48749030
92354981 62212449
912131103 35754820
471238770 18125453
293434653 5715165
331589958 29747785
171877071 35469246
540877993 22680210
620120391 59549776
246134728 69796283
301873825 15548642
512856120 61637296
344641584 59780755
205617991 49560640
512349791 69261552
425168709 5585559
8110196 96818516
522370145 53512198
999277894 44543152
895761242 11912248
883231190 17565950
31890021 16991717
700464332 18920635
727334604 79597210
107687101 61155611
165548968 30137190
172021617 62316958
27897712 69086718
710248147 33595694
620971513 92517752
687056044 31558247
769129652 44872833
19786447 72817416
875793424 57824022
638922065 89991568
485254620 57642749
861253987 98060905
727764939 52592218
782127081 44042580
604755067 7458078
819377339 51051599
560330909 72932902
854934205 6295368
716478407 86835974
878576872 13706908
839349978 12856639
39441441 37485123
881153753 47989387
253190344 12501436
706452074 93014941
380842281 22971284
447469648 12822261
415220855 35123720
767970968 86793553
908637714 68365427
122951997 54755883
359480854 87925159
891155194 1966625
238487105 99836994
627853443 63992093
365698216 18258915
989006086 66843774
26993983 54173597
680739928 45412581
781875920 51061243
114749293 14385147
271534737 26815856
307621599 12317547
467129320 87238213
996115477 95623176
30034903 13138827
446063596 11946466
479442910 60794746
906931994 99126684
904654166 32222743
997230957 40435361
755211855 13671562
48927656 87106611
320554276 56474270
814122100 24578042
529785736 61110104
724712395 75020839
478264338 14993300
220131587 67713557
735805909 38602182
444020086 13324960
7684674 29266391
44155051 15080202
523746997 7647726
83888099 8024499
919608465 39967981
953122624 59346365
856621583 48435809
651799291 45390523
110432120 57787604
654468645 23168398
873137178 28568902
436265765 77098390
440056886 9752642
948349091 26623277
682303409 93757477
422266610 64304225
687933737 4796411
330804059 46966790
180645855 61594434
296701139 18952994
755754638 64396408
849738667 75382411
410456267 78190982
802097135 1709096
962291113 50227680
115632646 98944211
915285116 73483119
243164823 19980945
922157881 30288150
617818396 56222850
468645125 59269724
216485180 59915604
380547665 62695704
294520079 4682040
548490055 37980118
187807551 71837181
762624893 17182965
90988732 22786863
114313413 32514443
934901362 78388520
480488035 97512679
617159640 24385340
882752901 51164935
159994841 36549205
823233802 88296612
944397307 41324169
839972616 89142396
952839003 55196928
882958826 73998039
918603076 66853338
641128749 43016878
169309599 16247440
351900481 21087651
896051076 66795366
74249804 21757802
159639783 81786456
978125183 34535666
71255262 34766365
695352728 17837384
688132576 16287192
924556884 86630621
72795244 45497195
681467857 85711881
74463167 56497466
612709743 59863166
790247859 55538223
982973506 23239902
606821651 43013367
438420532 49284616
119894519 69287614
729605035 32399093
979786187 34460125
698872286 27114623
418755633 68762306
368384886 23754734
192870763 97722897
134228093 3807569
846379831 16584142
715021761 4976050
893721806 19811057
23164963 60856480
711356156 68709624
735008739 91994175
631269507 9870262
230292077 71752976
935177003 8293051
346175556 60891578
815403594 30601051
426808811 74314810
985597674 30951180
299880333 96988481
451951129 27900692
626416476 13631688
449847962 36048540
765410855 79351853
832084922 41692037
260683284 41648182
37555074 85874127
789228009 59276340
310300436 5274544
956771012 8842853
382206491 59133111
803872023 81662751
622391370 13229625
363343482 32776356
984656336 58099712
972435188 27990555
378676833 33689938
72754906 83191429
884342301 38736383
504611739 56816702
41095747 26688317
348904159 31247027
607829560 20161690
697212907 29791247
325659599 47504535
589015206 71684571
674658891 26506331
445586949 67082510
281648766 58747827
457182526 16211154
390791984 98654682
287055681 21219922
616116102 92467991
495425571 78425141
500656330 65715178
575686948 7901284
650279440 66881914
315267543 81850443
459092618 5797967
985279789 33428886
174926809 8548354
634523329 2837248
335285932 14624857
697999077 61053848
460746012 95802479
533640747 96030148
982856198 39990349
605489368 57956026
311717404 23623216
605849949 21560057
511337487 85079099
74442569 23526934
794472388 68365857
198793584 67900322
722440820 18125867
58272608 12873450
858746241 74687888
252111102 23433885
479782583 93191564
411599986 68203592
554476394 7567562
813015576 94102228
58440286 76748584
985467456 27037820
823654697 46180526
700798661 42764291
506513406 32917899
193491603 68869530
57656624 49500455
628702025 92893575
437787546 58696286
533226482 46496728
978979713 72959515
182647115 94850500
38290753 36316666
837921089 77688345
398515296 87506505
24245716 52342639
761470592 10232100
734393205 27078753
531076918 82640371
274039681 48213103
4722015 93309009
736393530 58837395
157559674 24580549
972272028 73609960
78577708 97794027
875485230 75813790
301597492 84537250
15475359 23698803
264739223 91403600
563481562 3021835
697795592 42125570
531998849 24426901
700941656 67130169
102323539 65815291
331208654 32973939
419331307 69875155
261913556 67942168
590949733 57800987
868729848 118037
429215435 40594036
839747811 36088705
337166973 59971829
639043370 79638186
896263033 99285293
977761362 65746275
694841488 17601565
948385448 84818715
294389524 229256
729026791 27173331
41836074 86832681
297542075 35616580
771503229 14142935
477174681 9254804
66340151 41418730
347580459 59929007
598388760 43234478
803938541 85875571
638468213 79353682
81045902 60365173
260659244 3168956
890840376 9353576
317111517 67865504
207743478 77139672
208925500 26200691
195283970 74539312
875845919 39589893
802535785 90275573
138812511 81393499
351197186 20218374
7980804 94227307
656623477 97719794
660254997 81687822
751799598 73886330
532235670 96715804
650035013 84680267
558056740 11885801
511071057 67657984
905744261 38663131
462367554 32561430
636851487 48041615
880248170 30109430
641817971 21359973
635386327 54815542
150303559 67728309
431442109 25617473
352002513 82145746
534350565 5079448
887235408 67885649
280503591 66404645
915591149 52034311
36832055 53434100
101935566 58366599
826269545 38974390
630482885 80145286
191670113 16581933
325132975 22644861
824434791 67718276
808341920 78199059
331638780 5634407
38502715 68814596
800922363 64252910
222088655 30232962
967206745 44409262
890027637 37823189
411243063 8194474
850920570 24253752
209494259 16244930
982584574 14256171
59174456 24775717
29620577 65768892
391066098 26114995
104579636 97934344
941646985 36203841
254651275 80902514
678493913 29430650
40486453 74022981
780823056 1955750
466922282 62622765
307671766 92617392
17121725 192703
720900711 7190953
923433043 26174937
545939453 45762359
231305601 57889042
302077380 34588967
887517890 8739540
403920030 46489147
714943161 83685902
98834915 3791948
237120513 59862380
651531285 25445957
148618693 29607942
189363755 6272098
904982988 47251528
753683497 21546881
333690333 17131676
703465381 16327611
541229709 74355457
642590492 30774275
931449703 75534621
427841273 90763501
345761311 11390971
159818773 61506404
867958725 95200993
687825687 36366630
729403725 16952264
180640733 53396619
558371456 4335582
611000482 84956462
980730998 12870708
374931536 72123510
826332408 37336773
471021353 79157813
948804492 39739795
412771216 40093769
602826563 90660116
354760355 99303087
896755771 69905577
261906466 56593442
369935151 50944418
973195178 17347702
171682871 31402358
102305360 36715971
437703252 26030816
281644426 51800133
586526678 76565469
882785612 1262415
518236038 83158120
374946028 95321172
421305535 59861199
443183309 3318547
446310197 99889889
298759621 41541282
499999993 37748880
182642862 88042064
46919628 43017233
46925260 52032188
735887024 66179933
988308679 75400023
297114009 66253485
9534600 24808619
418393880 1022768
102729862 374290
553973064 19993818
63249136 2268104
828150043 83452200
732547731 38663492
526208943 62480634
995086887 85372267
271117247 74382212
584256010 21121501
427312145 61894957
717781463 25109830
960820744 48662933
733991740 87777897
673000752 31168583
723202838 10729167
406691692 85766902
120501585 18386665
984934225 93862867
767155758 9047592
6110057 65357597
822934352 18021482
964455940 38515812
234372613 58618866
247721452 53085149
798205768 10856340
300794621 26541115
141590232 28108567
803564465 72921740
818719438 20582659
898866293 73530632
37940009 88459994
785961450 45920862
285672992 57741303
349136065 95668653
539251867 78583803
583007376 67698000
451382301 37746808
890655962 20950812
369871909 51976183
516215489 19027595
275528517 79336561
280843368 98968733
947893427 13084983
607793312 64401850
736416051 94886810
3575790 99285128
948533989 15799164
699876699 93957631
310722178 66776149
977917445 8800553
433612223 22368330
342507455 18369563
114342864 79656477
903048807 19107055
339527946 55440947
996139268 31444311
103647337 37290176
837820262 18558253
127215086 27044897
998824236 34215796
530917831 32516565
235661516 76499614
748070167 35454953
166000694 37371258
114292674 96771559
825705822 56991909
895599555 59888635
989850523 89110493
691505647 97870951
492031898 66125573
946441278 40683583
536318174 86731006
608109120 58599559
61672216 34673775
821471739 28870706
9473538 29329837
503392146 47616235
973844771 34519104
369642590 93958208
412555791 64211105
360831963 854725
512406577 57895883
435557156 67724771
880829093 39622577
127995139 48517020
522897371 79336274
230245895 39181311
639426418 79202794
296908442 43993419
519075922 98137004
198611724 83586460
803719391 41872048
889366821 2689106
711412892 57263922
580278442 96812731
575187561 26637367
8701536 20744682
500619756 7172395
869755739 6049548
285368349 81415038
930992414 59395244
892552009 90317388
1783518 93766609
960063981 64471137
78732722 39135591
87191938 81052030
220476116 5623687
294282881 34050812
406668352 48407342
996728039 53519491
138655816 35099288
751245271 4682587
645004252 8477458
324307421 30601930
581937421 93495839
421075462 84435345
285470306 40091957
283022967 8639987
15306054 59480511
907507194 99480016
981405122 69308064
43495605 84399358
377203017 26606893
677361299 57194243
95008722 14999916
313938439 77550404
751620962 94733018
780650689 32836217
811168705 1189711
572640506 40097173
129758516 7783475
261157104 84248180
541736979 68236629
133700076 78978493
442047336 25703901
571767800 74841534
522878440 49033253
858092305 50564791
551049236 43931597
346650282 2680654
617865277 29002578
732884268 66041420
166738084 92814465
435553842 62420162
252747219 19033902
314813461 70845205
725065487 26636677
899640293 85313119
570564939 92423421
146244861 13556651
92867491 64480314
624437787 16504269
578155584 73441051
335461986 91907174
310426922 3214216
288197240 7775893
828755424 29854927
825947791 35259918
107103921 48028158
652902717 73168598
573042320 69700693
612523487 68512773
355879792 50447510
255037680 3897938
687977796 75320184
166323562 42869673
849982363 56413971
910431986 77086079
414958468 24173300
70640882 73960839
796206203 82576130
748374030 10532698
94958814 37374970
769353902 50665936
146875605 555487
318086297 94246466
816605056 10779830
757560087 91006912
351662673 49480016
243019243 93738470
289218248 5891348
284674113 95046200
214466772 51808727
89488336 75420024
605703082 93257523
240539549 10498531
507696821 86470573
819602154 1860971
920767584 54630058
703339835 19891765
307327689 53170437
816992949 18099669
803703762 16855229
236336609 32226089
513994675 43384064
358341118 2026078
95167369 64418628
476020946 3210717
744441480 56021614
389178002 71735645
24240439 43895921
493232637 45147071
97135679 44931127
643548683 30601778
555121853 18121008
274420449 44128992
821873252 57992425
292792617 641602
482817062 41847700
887473302 39630141
389107273 60784019
87701407 78453868
201484640 80416666
838425116 66377755
465034765 6909876
712982193 12662771
186648909 57937821
320394070 4560118
507274037 23300273
523268277 59466388
562781653 7572415
595724858 74183438
350516132 54951125
454789993 72486122
393198166 64228014
123672535 83225455
446587075 31772844
677981649 27555749
956376695 93499857
56269706 79251016
216761322 92883195
753484667 10068906
925997677 40853251
413436107 41647817
985679041 58931498
658092881 97739897
986777139 78181221
404871133 34970325
541313602 4117133
715372579 55213098
515251026 9159910
499865790 27456864
685621806 87826387
640367021 50878573
90556139 46176750
345908549 42546878
793501962 48954197
865379766 57593129
694691154 83750321
729679884 49946266
919452049 96381482
706870242 46534637
152762878 16093539
35939121 55799375
898465761 45978366
769953935 90768624
176152053 26794189
778954376 78654945
252783231 76677110
183444610 41979524
528679884 29449612
165669139 17967851
89923443 56052613
491063349 49719164
570448336 8041212
647725776 69762113
714225271 59455695
823116515 2820346
573831937 4218865
414721664 54174335
810918546 9813042
869972274 45865726
219197262 3827239
22587457 56812010
286815505 45823509
285325926 13509956
442254347 50276930
217068354 73032652
204588445 37777892
51116926 12258713
821880445 69506821
758966237 92039572
52727609 33896350
234539730 19334100
678380231 51986714
227182674 3169291
950068244 17363776
860758631 23497448
959667077 42726891
348746202 85193900
963579091 66628611
711123545 3160328
442010859 69578309
489885958 5808106
626951713 52277904
74775962 45872366
317306707 73516252
721560585 40818008
636557540 88836081
583441622 46953215
586913265 81794837
309699553 66073216
409197179 5772185
730323271 57183130
281434802 23046162
776508481 49515938
139908193 96776011
537573599 51026235
379291577 97340033
214562448 50097165
705455086 31086373
173985319 35454385
65805763 4131480
25970396 51929222
818778044 12130203
691874464 74658073
359271221 59155182
403868154 65714089
383591342 26073172
240045578 37904625
823920514 62621233
37238732 90821662
946044168 18610399
739726453 76158390
984857090 72657370
549144229 62484174
545985622 17402412
162888451 66503606
125856534 8171954
97962820 39514316
350183993 34612128
679878540 98274088
767951267 55259619
135124166 6466787
902651860 99554306
133028153 26065004
946228133 6293665
415876809 62475362
64701788 77735766
177012902 75332650
218792180 71253066
761181163 58258377
85045600 20098298
247623030 32623120
786108677 77060762
242087338 33724964
885231810 30888025
604240892 2524303
943462138 78347214
707258005 53647190
125583806 74699454
145686342 39904040
406623585 79012223
979305114 82511618
101108622 64099541
179267 82423659
684828599 45299895
223068694 65031031
100879944 4845667
433290205 18230482
266352776 15374825
977241038 50970801
260386411 77759097
217026164 5501326
175569786 15128945
535668623 69627632
604187424 19200984
809337957 36345067
481227442 53923304
534089763 98927210
62618421 15314887
63541245 60793539
693987304 81992674
862923810 12349015
651705107 99155586
636482987 71763505
645824855 94855814
976205388 29417585
956043629 71677843
561044989 91063769
721765261 61653481
187018446 35875823
350132782 54902314
430985818 11075562
332912171 10944117
758706694 85643048
812122606 96411480
632013177 75366455
815862168 48797284
18056697 65115453
761203689 94315795
166384035 37405662
817045078 76364670
880588671 63832400
101512237 96585862
267243348 9228775
841586923 14320524
678313349 47191252
63725914 49603674
590475608 57295473
779627583 31362563
595827630 34164900
139124391 69302988
221483153 83637355
121535709 37496464
735022455 11687793
925263326 92535596
614739673 36747619
653918217 62467581
839028325 9303033
997680940 44879467
116879068 48827838
41201250 93301525
489550539 82480849
39913022 76500428
142207740 96183705
164150360 41175957
454269191 56944729
85806203 10436654
325523121 33571802
699650752 46045688
839199984 79550421
440535870 60617682
798341071 22909890
350440210 35685636
73138556 83719639
683879495 60018450
276521843 33143162
217952147 56034883
583396858 77561298
526614414 97936992
335223797 17428560
482249393 53548988
471272462 72054314
426265775 23183394
298207472 78084117
448558407 17123358
309309035 54550827
679887293 10023597
446386244 17092735
273861759 70201866
576150277 33707887
19077498 62898770
696765637 29688950
526443320 28594781
708188949 9862129
942516749 99010645
828024381 86831477
85009156 64024728
756252192 42726303
245030205 40262278
275302464 24284437
255882893 27406775
436208866 88283984
863457631 48729488
938618314 96844377
791259666 38925945
671175572 75236452
422204778 67593730
304076245 64009836
275759705 40347782
332241535 50094109
166261315 45494901
276755297 11967857
537382706 52253551
72218567 42779678
601645 42682963
112844672 33556382
125887819 50016499
428763072 32339543
134390042 58511683
660089914 21968019
565159337 29791075
295146490 87007113
367613021 15388869
234501840 60945966
749692269 75372204
756540444 95076366
169307676 13169358
465359345 15149433
929973396 64464315
299759863 6416493
617078660 99285606
711196551 17756672
403339588 37744320
451673929 95501522
36130590 55494844
843762648 20052721
794508944 24618701
188879429 49116623
538235243 87485670
642421252 66660826
482311884 51315123
894477130 1700294
482856049 1991765
380122426 158667889 630254269 220410256 25873114 262351838 563405572 902040578 435180046 815473264 418504491 796027909 17937350 825322467 597818493 533160958 460703999 299813531 969379655 479173620 407346687 97893370 321387585 639760487 3876077 720708326 63315775 70083337 147968560 121516291 67346137 162634187 719831698 362222912 838076159 200763640 537688043 311752125 831608019 763669394 555480259 845299504 270697000 160364427 152947604 52454969 68626890 213413388 541113223 970427336 907679011 711043009 827098532 383371890 880405827 818398156 185040454 418581119 878213187 473928078 292360223 255683625 159907728 747579973 723521034 91867301 22448914 415517550 850185753 789496953 847576082 952171220 93548693 314845244 204301297 939280546 335847525 197260822 721617806 316569010 184607224 653485677 902394178 304130400 508544537 123109896 7519784 757216339 546909048 670352173 909751046 102255079 614186750 756549541 77461700 523701818 394727897 614770893 910564531 889595592 651955927 961689692 82975895 858980362 424127177 807231043 404191375 753664164 975054342 290615737 525223216 195060319 244985884 751601089 660691169 672280570 34322896 265553853 692580502 839121971 597848345 817297201 161363547 839030092 127379815 905096470 255949362 331182193 975246551 299838526 315728797 21791039 96022256 12095872 358107659 392504096 820311308 127139816 92658747 389916754 284535658 818455557 76045641 346309919 750116860 411307903 102066028 658040467 145338416 444749165 582382772 950519398 248672153 429698409 619543875 599444646 608455972 2394390 514065261 568121343 703108836 621430631 97898033 399758626 340629139 836278095 45464647 693877217 84441086 788375155 247128095 248519367 9307754 742857071 802602059 988018806 214772015 826978918 520511442 461169640 609649054 727162338 87971286 675987034 51837581 429605009 531356646 200394869 782204787 694709999 122356051 222548751 534086807 989054209 436921060 11916100 557913529 939079101 171386881 723729937 381666148 129287444 754353964 757362884 862407216 37195482 226724697 925992701 345335898 485881669 406634762 377104199 766030296 506721107 615243171 258206289 682382056 158798389 676084122 609862177 14161708 718883363 529675516 936672194 520681821 103504022 130343684 252977048 841366500 740683425 777364140 942326052 192762977 288264536 138948920 999774151 218359906 999120839 536451096 997220366 246568351 504569967 968255190 907634784 921615056 858433801 901752861 968237948 617856894 163633986 343592719 179293047 458675785 571359185 360694735 923809084 152506978 163046552 134257489 534038046 169536486 762654053 670521652 536959128 945779602 43815720 897656943 847612423 489212583 554739942 213943340 858090302 497274286 756304098 247268493 460704906 315065884 691372306 934074849 890519170 68404020 762612995 153621310 638005073 565404037 130503481 791193177 364975212 925083849 102637460 598413276 866002428 332381450 730064303 542923387 255340803 840540912 823669615 735622340 541304198 958918691 755402322 123504790 202060705 862614625 301893075 486787084 591567542 700126204 958208715 634004152 967668074 703652584 96526856 976706904 147929457 538053993 19822834 302405753 513440046 797551073 921692757 16879265 221957048 253002494 195287195 836865346 251715792 44531554 43777099 248545392 446709929 250946791 4833629 708165841 788909610 639770289 168618291 362936217 475083964 391983402 658950242 403541312 565465155 83971883 418681502 549834719 449980789 463449409 271029394 378209671 18345377 166847895 672661703 174451720 694871482 688917185 473037091 349927243 343205792 118661899 411961850 355535022 103866977 861810848 751465145 523355605 275435611 345312969 100505562 201092169 690557425 123271764 580551613 239009547 165286312 196948390 839282300 71272377 652707037 700693580 830412332 243842071 854888821 377074294 263408558 70087612 67714505 985086045 315981769 906358359 661274237 808219631 913262539 64117637 662076089 326302489 566440009 362215709 717015338 272300626 268961022 783480591 662311357 850639855 905404906 71132500 449277945 461910360 174028212 19423467 32687122 690379242 349775553 189349680 903040326 58083910 184949405 326620777 547188904 5182847 135021826 495348123 595545666 988463215 167761313 992100904 103107993 990477046 728213998 583360133 197164953 184089347 539453122 986405644 124396356 154224938 45762634 333435609 193695213 923977863 841683581 701154675 64363706 502782074 983908597 927699476 40065685 147844461 183268045 694474114 452804150 671037502 616923894 588830339 866853794 682646107 301727848 931050769 530680718 651233032 623153485 62875976 194574308 666541999 222924214 402042507 71111460 95658665 343664472 311512298 22052697 198740968 902378091 739060323 341434413 411874507 307813953 140994045 547370289 906245299 236965542 171441033 560120777 455332415 213914417 371981441 567182470 166167438 408382279 323218938 280797476 267864850 878801435 696927399 882984255 130631192 790148307 90363075 461263096 32888802 858797935 579302058 712575132 807677625 393710688 698416809 145694361 553767747 183404732 844288876 464932976 509278023 639649039 278261591 596918595 440960801 262116610 904904273 246928257 111067572 549384958 407040426 319282264 689110615 502798034 178406493 590756639 268330101 108340404 884770792 92187493 768616023 207912907 436325877 746093654 439027945 683629174 718007565 842524059 868424715 241578170 386460133 171164980 215465300 667868258 919873531 579660764 298895933 579687195 743113346 814857094 799953536 497699105 380052670 928858512 192639318 357411370 501134931 143921783 826820359 3093976 460847104 557504023 498954297 1219741 99083937 887977683 303304951 593875303 831959685 480400178 621020750 725212427 601813637 33819689 398088392 186293712 7260258 690330151 598436536 183199828 621692818 209507648 395592276 110011620 354005185 161700282 56075892 795937635 648185879 949260542 565915831 142299054 397159644 682953429 98179585 836835796 828810766 169859493 822731988 9319283 936624974 800797105 716919583 810421584 340531191 263799479 197845918 891658270 959655124 247738275 840129812 356771259 480207589 605402897 228970393 14699727 97692284 162969057 979282671 489172486 954563083 565142664 32583167 16957784 467892461 857210133 736659432 791840266 503181800 185902311 945168012 502240825 477071242 506159816 845301745 308361487 753463395 821946826 771745255 995006325 616145086 384314568 617876024 485151896 672813975 409334547 221859861 767072635 845443504 543421353 34720777 510280475 307999031 30374520 477191478 379482621 225725118 232187397 395794780 292270878 901537454 569109566 132312024 48870900 53251086 564055023 6211880 250101877 836749560 453192541 756274098 816800317 173705968 682873203 897304850 298694489 415251761 888227797 212012059 611296837 504163808 584383414 215579544 440475116 689135000 912628326 142317981 715265733 931452045 832475509 559911155 153432528 686371469 636869623 809248710 655716271 811023713 796836882 729453082 988906927 109027729 625490412 684902419 642608213 620975128 706607031 359793704 812566596 958267699 551606417 162138017 970637096 138148037 424227049 338296100 279588864 355817612 558389813 354041298 768643069 396182155 360423158 654390143 917279102 998507325 401643390 879353209 306925009 232906169 665035726 676797667 791252934 295569287 503331098 547678553 718529229 182737571 368732184 717744666 718956263 681172396 229129012 533117210 799164783 126029316 755838070 906666858 879656714 39224427 650675081 909347440 835041801 741916262 22819129 195261710 408547354 950159219 637594641 109732757 663735950 306298905 447394476 645342188 399986139 943223063 25737687 929092362 901730797 597408300 81506552 859786098 7488423 230132012 210669034 587653955 422729132 932617248 14947683 342921372 707132480 601080459 596190522 15397949 21540976 188189113 724743580 238103276 589874758 166801331 963802379 157426129 161088596 512887525 101273617 224890672 166297181 6746093 638693584 326048355 590177165 954380082 710678731 73387303 764788143 30950283 490355404 434771262 387491517 325758288 9988390 371137861 347768712 571997274 347629919 386786970 295596918 967716912 450731026 187789190 445688660 266347884 79224217 81545576 441920643 288045348 750023498 989664820 773385869 651518412 50834431 749532135 247511240 245578038 793043237 320429154 637538022 231879048 582073851 53459849 851509294 485672247 108104679 144166188 639559497 920804441 119329378 892871572 950518788 238419883 992230103 127071939 25591832 625182621 880559796 184938072 845330492 791503912 218797643 839973834 956466080 336566942 208659593 100975597 584769246 257798623 273198939 334522084 200469539 963433250 395934370 490876361 600560973 455132311 72000363 3065857 854284333 954854309 91077332 654620437 646952675 623895561 723778846 129946291 16435435 278699002 432292507 602987348 433027643 73516218 783978901 447472939 189945576 180846163 792101036 590984299 561245918 38224379 339518997 431724097 713388486 519083001 75681870 674861663 465080007 832944393 924251778 76672272 140678901 10785357 880860348 941339838 586629817 389910942 186853374 823556501 981998989 872128635 216335847 266757755 525466769 79448466 629273048 908898085 798925081 392325096 775016879 146624475 80057989 136116278 636191888 155974800 464664033 284120316 280253504 789003857 76304374 399876559 175253827 217240125 432580975 82559907 309912584 539714863 16777513 659303234 967577142 249100283 109086555 540428767 204201983 343851972 241590924 600816611 456672883 194590203 933689264 852443016 72610548 594768740 815578219 34999529 900298045 139465553 19148571 781219167 235522011 606077456 828865271 12191608 893409191 322613313 839484740 252455987 673820457 145408345 41655726 28109557 832569449 637877057 561322772 256159330 638880495 246244465 429735486 576808341 676604629 768088738 743217449 417032568 753479988 27091957 67988135 215284741 854438616 326663220 186786581 774716777 471510875
2 1 1 2
